272002
653434
442536
129253
154667
170497
844056
848351
612786
138784
514866
690383
620391
105598
416928
202403
335019
366612
800622
780511
138816
734678
434953
101817
914839
673946
617256
85796
241926
489362
989141
351951
185587
422655
162441
992827
978083
577882
326068
976872
606883
79377
30508
865186
566381
606490
687944
111519
166342
697359
310227
93859
847462
446825
598861
972366
940504
501006
548459
751116
174512
707725
795392
321577
139890
100038
859471
314695
293367
619928
61593
233833
352985
856501
270193
660200
276032
745216
794692
812987
304832
959889
55953
707631
140660
867002
541593
40131
982360
830390
205676
61511
278385
182057
607891
897209
498001
458608
937952
354754
